20050502000000
20050503000000
20050503000000
20050503000000
20050503000000
20050503000000
20050503000000
20050503000000
20050503000000
20050503000000
20050503000000
20050503000000
20050503000000
20050503000000
20050503000000
20050503000000
20050503000000
20050503000000
20050503000000
20050503000000
20050503000000
20050503000000
20050503000000
20050503000000
20050503000000
20050504000000
20050504000000
20050504000000
20050504000000
20050504000000
20050504000000
20050504000000
20050504000000
20050504000000
20050504000000
20050504000000
20050504000000
20050504000000
20050504000000
20050504000000
20050504000000
20050504000000
20050504000000
20050504000000
20050504000000
20050504000000
20050504000000
20050504000000
20050504000000
20050505000000
20050505000000
20050505000000
20050505000000
20050505000000
20050505000000
20050505000000
20050505000000
20050505000000
20050505000000
20050505000000
20050505000000
20050505000000
20050505000000
20050505000000
20050505000000
20050505000000
20050505000000
20050505000000
20050505000000
20050505000000
20050505000000
20050505000000
20050505000000
20050506000000
20050506000000
20050506000000
20050506000000
20050506000000
20050506000000
20050506000000
20050506000000
20050506000000
20050506000000
20050506000000
20050506000000
20050506000000
20050506000000
20050506000000
20050506000000
20050506000000
20050506000000
20050506000000
20050506000000
20050506000000
20050506000000
20050506000000
20050506000000
20050507000000
20050507000000
20050507000000
20050507000000
20050507000000
20050507000000
20050507000000
20050507000000
20050507000000
20050507000000
20050507000000
20050507000000
20050507000000
20050507000000
20050507000000
20050507000000
20050507000000
20050507000000
20050508000000
20050507000000
20050507000000
20050508000000
20050507000000
20050507000000
20050507000000
20050507000000
20050508000000
20050508000000
20050508000000
20050508000000
20050508000000
20050508000000
20050508000000
20050508000000
20050508000000
20050508000000
20050508000000
20050508000000
20050508000000
20050509000000
20050509000000
20050508000000
20050508000000
20050508000000
20050509000000
20050509000000
20050508000000
20050508000000
20050508000000
20050508000000
20050508000000
20050508000000
20050509000000
20050509000000
20050509000000
20050509000000
20050509000000
20050509000000
20050509000000
20050509000000
20050509000000
20050509000000
20050509000000
20050510000000
20050510000000
20050510000000
20050510000000
20050509000000
20050509000000
20050509000000
20050509000000
20050509000000
20050509000000
20050509000000
20050509000000
20050509000000
20050510000000
20050510000000
20050510000000
20050510000000
20050510000000
20050510000000
20050510000000
20050510000000
20050510000000
20050510000000
20050510000000
20050510000000
20050510000000
20050510000000
20050510000000
20050510000000
20050510000000
20050510000000
20050510000000
20050510000000
